Category
Deposits
Payments
Totals
Average
Bills
0.00
-5,041.76
-5,041.76
-2,520.88
Mortgage
0.00
-4,893.72
-4,893.72
-2,446.86
Trash | Water | Sewage
0.00
0.00
0.00
0.00
Electric
0.00
0.00
0.00
0.00
Gas
0.00
-65.04
-65.04
-32.52
Internet
0.00
-83.00
-83.00
-41.50
Investments and Savings
0.00
0.00
0.00
0.00
Savings
0.00
0.00
0.00
0.00
Misc
0.00
-80.40
-80.40
-40.20
SaaS
0.00
-29.66
-29.66
-14.83
Gifts
0.00
-50.74
-50.74
-25.37
Travel
0.00
-290.04
-290.04
-145.02
Dining (travel)
0.00
-16.00
-16.00
-8.00
Misc (travel)
0.00
-274.04
-274.04
-137.02
Flights
0.00
0.00
0.00
0.00
Hotels
0.00
0.00
0.00
0.00
Reimbursement
0.00
-14.33
-14.33
-7.16
Dustin (Reimbursement)
0.00
-14.33
-14.33
-7.16
Sav (Reimbursement)
0.00
0.00
0.00
0.00
Reimbursable
0.00
0.00
0.00
0.00
Household
0.00
-2,409.81
-2,409.81
-1,204.90
Furniture
0.00
-2,369.28
-2,369.28
-1,184.64
Durable
0.00
0.00
0.00
0.00
Consumable
0.00
-40.53
-40.53
-20.26
Cash
0.00
0.00
0.00
0.00
Cash Reserves
0.00
0.00
0.00
0.00
Entertainment
0.00
-3,579.32
-3,579.32
-1,789.66
Ent - Misc
0.00
-195.00
-195.00
-97.50
Coffee
0.00
-79.80
-79.80
-39.90
Bars
0.00
-105.71
-105.71
-52.85
Dine
0.00
-2,346.09
-2,346.09
-1,173.04
Wine
0.00
-852.72
-852.72
-426.36
Home
36.14
-440.23
-404.09
-202.04
Misc (Home)
19.85
-115.83
-95.98
-47.99
Landscaping
0.00
0.00
0.00
0.00
Improvements
16.29
-324.40
-308.11
-154.05
Repairs and Maintaince
0.00
0.00
0.00
0.00
Francis
0.00
-446.58
-446.58
-223.29
Misc
0.00
-68.10
-68.10
-34.05
Health
0.00
0.00
0.00
0.00
Food
0.00
-378.48
-378.48
-189.24
Care
0.00
0.00
0.00
0.00
Groceries
0.00
-1,382.62
-1,382.62
-691.31
Farm Box
0.00
-192.45
-192.45
-96.22
Misc (Groceries)
0.00
-179.33
-179.33
-89.66
Costco
0.00
0.00
0.00
0.00
General
0.00
-1,010.84
-1,010.84
-505.42
Media
0.00
-96.12
-96.12
-48.06
Media - Other
0.00
0.00
0.00
0.00
Media - TV
0.00
-96.12
-96.12
-48.06
Health and Wellness
0.00
-263.27
-263.27
-131.63
Fitness
0.00
-48.55
-48.55
-24.27
Supplements
0.00
-214.72
-214.72
-107.36
Venza
0.00
-847.98
-847.98
-423.99
Venza - Loan
0.00
-700.00
-700.00
-350.00
Venza - Misc
0.00
-60.00
-60.00
-30.00
Venza - Repair
0.00
0.00
0.00
0.00
Venza - Insurance
0.00
0.00
0.00
0.00
Venza - Gas
0.00
-87.98
-87.98
-43.99
4Runner
0.00
-268.09
-268.09
-134.04
4Runner - Gas
0.00
0.00
0.00
0.00
4 Runner - Insurance
0.00
-268.09
-268.09
-134.04
4Runner - Repair
0.00
0.00
0.00
0.00
4Runner - Misc
0.00
0.00
0.00
0.00
Income Total
12,004.61
0.00
12,004.61
6,002.31
Income - Interest
4.61
0.00
4.61
2.31
Income - Dustin
6,000.00
0.00
6,000.00
3,000.00
Income - Sav
6,000.00
0.00
6,000.00
3,000.00
Income
0.00
0.00
0.00
0.00
Starting Balances
0.00
0.00
0.00
0.00
Uncategorized & Off Budget
32,469.64
-35,196.37
-2,726.73
-1,363.36
Uncategorized
32,041.00
-34,767.73
-2,726.73
-1,363.36
Transfers
428.64
-428.64
0.00
0.00
Off Budget
0.00
0.00
0.00
0.00
Totals
44,510.39
-50,356.92
-5,846.53
-2,923.26